3.6875e+10 2.7721e+08 6258.9
1.1063e+11 2.3512e+09 6258.9
1.8438e+11 6.9353e+09 6258.9
2.5813e+11 1.3598e+10 6258.9
3.3188e+11 2.2207e+10 6258.9
4.0563e+11 3.3874e+10 6258.9
4.7938e+11 4.6427e+10 6258.9
5.5313e+11 6.2517e+10 6258.9
6.2688e+11 8.0727e+10 6258.9
7.0063e+11 1.0109e+11 6258.9
7.7438e+11 1.2362e+11 6258.9
8.4813e+11 1.4833e+11 6258.9
9.2188e+11 1.7521e+11 6258.9
9.9563e+11 2.0424e+11 6258.9
1.0694e+12 2.3539e+11 6258.9
1.1431e+12 2.6861e+11 6258.9
1.2169e+12 3.0384e+11 6258.9
1.2906e+12 3.4101e+11 6258.9
1.3644e+12 3.8439e+11 6258.9
1.4381e+12 4.2641e+11 6258.9
1.5119e+12 4.7029e+11 6258.9
1.5856e+12 5.1592e+11 6258.9
1.6594e+12 5.6856e+11 6258.9
1.7331e+12 6.191e+11 6258.9
1.8069e+12 6.7124e+11 6258.9
1.8806e+12 7.3054e+11 6258.9
1.9544e+12 7.876e+11 6258.9
2.0281e+12 8.4605e+11 6258.9
2.1019e+12 9.1239e+11 6258.9
2.1756e+12 9.7572e+11 6258.9
2.2494e+12 1.0402e+12 6258.9
2.3231e+12 1.114e+12 6258.9
2.3969e+12 1.1832e+12 6258.9
2.4706e+12 1.2609e+12 6258.9
2.5444e+12 1.3349e+12 6258.9
2.6181e+12 1.4097e+12 6258.9
2.6919e+12 1.4953e+12 6258.9
2.7656e+12 1.5748e+12 6258.9
2.8394e+12 1.6645e+12 6258.9
2.9131e+12 1.7485e+12 6258.9
2.9869e+12 1.8425e+12 6258.9
3.0606e+12 1.931e+12 6258.9
3.1344e+12 2.0293e+12 6258.9
3.2081e+12 2.1223e+12 6258.9
3.2819e+12 2.225e+12 6258.9
3.3556e+12 2.3224e+12 6258.9
3.4294e+12 2.4295e+12 6258.9
3.5031e+12 2.5312e+12 6258.9
3.5769e+12 2.643e+12 6258.9
3.6506e+12 2.7489e+12 6258.9
3.7244e+12 2.8653e+12 6258.9
3.7981e+12 2.9753e+12 6258.9
3.8719e+12 3.0965e+12 6258.9
3.9456e+12 3.2105e+12 6258.9
4.0194e+12 3.3365e+12 6258.9
4.0931e+12 3.4543e+12 6258.9
4.1669e+12 3.5853e+12 6258.9
4.2406e+12 3.7068e+12 6258.9
4.3144e+12 3.8428e+12 6258.9
4.3881e+12 3.9678e+12 6258.9
4.4619e+12 4.109e+12 6258.9
4.5356e+12 4.2501e+12 6258.9
4.6094e+12 4.3837e+12 6258.9
4.6831e+12 4.5301e+12 6258.9
4.7569e+12 4.667e+12 6258.9
4.8306e+12 4.8186e+12 6258.9
4.9044e+12 4.9587e+12 6258.9
4.9781e+12 5.1157e+12 6258.9
5.0519e+12 5.2727e+12 6258.9
5.1256e+12 5.4212e+12 6258.9
5.1994e+12 5.5837e+12 6258.9
5.2731e+12 5.735e+12 6258.9
5.3469e+12 5.903e+12 6258.9
5.4206e+12 6.071e+12 6258.9
5.4944e+12 6.2306e+12 6258.9
5.5681e+12 6.4043e+12 6258.9
5.6419e+12 6.5663e+12 6258.9
5.7156e+12 6.7457e+12 6258.9
5.7894e+12 6.9251e+12 6258.9
5.8631e+12 7.0953e+12 6258.9
5.9369e+12 7.2804e+12 6258.9
6.0106e+12 7.4528e+12 6258.9
6.0844e+12 7.6438e+12 6258.9
6.1581e+12 7.8349e+12 6258.9
6.2319e+12 8.0151e+12 6258.9
6.3056e+12 8.2121e+12 6258.9
6.3794e+12 8.3941e+12 6258.9
6.4531e+12 8.5971e+12 6258.9
6.5269e+12 8.8002e+12 6258.9
6.6006e+12 8.9898e+12 6258.9
6.6744e+12 9.199e+12 6258.9
6.7481e+12 9.4082e+12 6258.9
6.8219e+12 9.6053e+12 6258.9
6.8956e+12 9.8207e+12 6258.9
6.9694e+12 1.0019e+13 6258.9
7.0431e+12 1.0241e+13 6258.9
7.1169e+12 1.0462e+13 6258.9
7.1906e+12 1.0668e+13 6258.9
7.2644e+12 1.0896e+13 6258.9
7.3381e+12 1.1124e+13 6258.9
7.4119e+12 1.1337e+13 6258.9
7.4856e+12 1.1571e+13 6258.9
7.5594e+12 1.1806e+13 6258.9
7.6331e+12 1.2025e+13 6258.9
7.7069e+12 1.2266e+13 6258.9
7.7806e+12 1.2507e+13 6258.9
7.8544e+12 1.2734e+13 6258.9
7.9281e+12 1.2982e+13 6258.9
8.0019e+12 1.3229e+13 6258.9
8.0756e+12 1.3463e+13 6258.9
8.1494e+12 1.3717e+13 6258.9
8.2231e+12 1.3971e+13 6258.9
8.2969e+12 1.4211e+13 6258.9
8.3706e+12 1.4472e+13 6258.9
8.4444e+12 1.4733e+13 6258.9
8.5181e+12 1.498e+13 6258.9
8.5919e+12 1.5247e+13 6258.9
8.6656e+12 1.5515e+13 6258.9
8.7394e+12 1.5768e+13 6258.9
8.8131e+12 1.6043e+13 6258.9
8.8869e+12 1.6317e+13 6258.9
8.9606e+12 1.6577e+13 6258.9
9.0344e+12 1.6858e+13 6258.9
9.1081e+12 1.714e+13 6258.9
9.1819e+12 1.7405e+13 6258.9
9.2556e+12 1.7694e+13 6258.9
9.3294e+12 1.7982e+13 6258.9
9.4031e+12 1.8253e+13 6258.9
9.4769e+12 1.8549e+13 6258.9
9.5506e+12 1.8845e+13 6258.9
9.6244e+12 1.9121e+13 6258.9
9.6981e+12 1.9424e+13 6258.9
9.7719e+12 1.9727e+13 6258.9
9.8456e+12 2.0009e+13 6258.9
9.9194e+12 2.0319e+13 6258.9
9.9931e+12 2.0629e+13 6258.9
1.0067e+13 2.0917e+13 6258.9
1.0141e+13 2.1234e+13 6258.9
1.0214e+13 2.1552e+13 6258.9
1.0288e+13 2.1869e+13 6258.9
1.0362e+13 2.2169e+13 6258.9
1.0436e+13 2.2494e+13 6258.9
1.0509e+13 2.2819e+13 6258.9
1.0583e+13 2.3184e+13 6260.9
1.0657e+13 2.3494e+13 6260.2
1.0731e+13 2.3803e+13 6259.4
1.0804e+13 2.4104e+13 6259
1.0878e+13 2.4417e+13 6258.2
1.0952e+13 2.4729e+13 6257.3
1.1026e+13 2.502e+13 6256.5
1.1099e+13 2.5339e+13 6255.6
1.1173e+13 2.5658e+13 6254.7
1.1247e+13 2.5977e+13 6253.9
1.1321e+13 2.6278e+13 6253
1.1394e+13 2.6604e+13 6252.1
1.1468e+13 2.6929e+13 6251.3
1.1542e+13 2.7234e+13 6250.4
1.1616e+13 2.7566e+13 6249.6
1.1689e+13 2.7899e+13 6248.7
1.1763e+13 2.8231e+13 6247.8
1.1837e+13 2.8546e+13 6247
1.1911e+13 2.8885e+13 6246.1
1.1984e+13 2.9224e+13 6245.2
1.2058e+13 2.9543e+13 6244.4
1.2132e+13 2.9889e+13 6243.5
1.2206e+13 3.0235e+13 6242.7
1.2279e+13 3.0581e+13 6241.8
1.2353e+13 3.0909e+13 6240.9
1.2427e+13 3.1262e+13 6240.1
1.2501e+13 3.1615e+13 6239.2
1.2574e+13 3.1947e+13 6238.3
1.2648e+13 3.2307e+13 6237.5
1.2722e+13 3.2667e+13 6236.6
1.2796e+13 3.3027e+13 6235.8
1.2869e+13 3.3368e+13 6234.9
1.2943e+13 3.3735e+13 6234
1.3017e+13 3.4102e+13 6233.2
1.3091e+13 3.4446e+13 6232.3
1.3164e+13 3.482e+13 6231.4
1.3238e+13 3.5194e+13 6230.6
1.3312e+13 3.5568e+13 6229.7
1.3386e+13 3.5923e+13 6228.8
1.3459e+13 3.6304e+13 6228
1.3533e+13 3.6685e+13 6227.1
1.3607e+13 3.7042e+13 6226.3
1.3681e+13 3.743e+13 6225.4
1.3754e+13 3.7818e+13 6224.5
1.3828e+13 3.8207e+13 6223.7
1.3902e+13 3.8573e+13 6222.8
1.3976e+13 3.8969e+13 6221.9
1.4049e+13 3.9364e+13 6221.1
1.4123e+13 3.976e+13 6220.2
1.4197e+13 4.0136e+13 6219.4
1.4271e+13 4.0539e+13 6218.5
1.4344e+13 4.0941e+13 6217.6
1.4418e+13 4.1319e+13 6216.8
1.4492e+13 4.173e+13 6215.9
1.4566e+13 4.214e+13 6215
1.4639e+13 4.255e+13 6214.2
1.4713e+13 4.2937e+13 6213.3
1.4787e+13 4.3355e+13 6212.5
1.4861e+13 4.3773e+13 6211.6
1.4934e+13 4.4191e+13 6210.7
1.5008e+13 4.4587e+13 6209.9
1.5082e+13 4.5012e+13 6209
1.5156e+13 4.5438e+13 6208.1
1.5229e+13 4.5835e+13 6207.3
1.5303e+13 4.6268e+13 6206.4
1.5377e+13 4.6701e+13 6205.6
1.5451e+13 4.7134e+13 6204.7
1.5524e+13 4.7541e+13 6203.8
1.5598e+13 4.7981e+13 6203
1.5672e+13 4.8422e+13 6202.1
1.5746e+13 4.8862e+13 6201.2
1.5819e+13 4.9278e+13 6200.4
1.5893e+13 4.9726e+13 6199.5
1.5967e+13 5.0174e+13 6198.7
1.6041e+13 5.0622e+13 6197.8
1.6114e+13 5.1047e+13 6196.9
1.6188e+13 5.1502e+13 6196.1
1.6262e+13 5.1958e+13 6195.2
1.6336e+13 5.2414e+13 6194.3
1.6409e+13 5.2847e+13 6193.5
1.6483e+13 5.3311e+13 6192.6
1.6557e+13 5.3775e+13 6191.8
1.6631e+13 5.4208e+13 6190.9
1.6704e+13 5.468e+13 6190
1.6778e+13 5.5151e+13 6189.2
1.6852e+13 5.5623e+13 6188.3
1.6926e+13 5.6065e+13 6187.4
1.6999e+13 5.6545e+13 6186.6
1.7073e+13 5.7024e+13 6185.7
1.7147e+13 5.7504e+13 6184.8
1.7221e+13 5.7954e+13 6184
1.7294e+13 5.8442e+13 6183.1
1.7368e+13 5.8929e+13 6182.3
1.7442e+13 5.9416e+13 6181.4
1.7516e+13 5.9875e+13 6180.5
1.7589e+13 6.0371e+13 6179.7
1.7663e+13 6.0866e+13 6178.8
1.7737e+13 6.1361e+13 6177.9
1.7811e+13 6.1828e+13 6177.1
1.7884e+13 6.2332e+13 6176.2
1.7958e+13 6.2835e+13 6175.4
1.8032e+13 6.3339e+13 6174.5
1.8106e+13 6.3814e+13 6173.6
1.8179e+13 6.4325e+13 6172.8
1.8253e+13 6.4837e+13 6171.9
1.8327e+13 6.5348e+13 6171
1.8401e+13 6.5832e+13 6170.2
1.8474e+13 6.6351e+13 6169.3
1.8548e+13 6.6871e+13 6168.5
1.8622e+13 6.7391e+13 6167.6
1.8696e+13 6.7882e+13 6166.7
1.8769e+13 6.841e+13 6165.9
1.8843e+13 6.8937e+13 6165
1.8917e+13 6.9465e+13 6164.1
1.8991e+13 6.9964e+13 6163.3
1.9064e+13 7.05e+13 6162.4
1.9138e+13 7.1036e+13 6161.6
1.9212e+13 7.1572e+13 6160.7
1.9286e+13 7.2079e+13 6159.8
1.9359e+13 7.2624e+13 6159
1.9433e+13 7.3168e+13 6158.1
1.9507e+13 7.3712e+13 6157.2
1.9581e+13 7.4227e+13 6156.4
1.9654e+13 7.4779e+13 6155.5
1.9728e+13 7.5332e+13 6154.7
1.9802e+13 7.5885e+13 6153.8
1.9876e+13 7.6407e+13 6152.9
1.9949e+13 7.6968e+13 6152.1
2.0023e+13 7.7529e+13 6151.2
2.0097e+13 7.809e+13 6150.3
2.0171e+13 7.8619e+13 6149.5
2.0244e+13 7.9189e+13 6148.6
2.0318e+13 7.9759e+13 6147.8
2.0392e+13 8.0328e+13 6146.9
2.0466e+13 8.0865e+13 6146
2.0539e+13 8.1443e+13 6145.2
2.0613e+13 8.2021e+13 6144.3
2.0687e+13 8.2599e+13 6143.4
2.0761e+13 8.3143e+13 6142.6
2.0834e+13 8.373e+13 6141.7
2.0908e+13 8.4316e+13 6140.9
2.0982e+13 8.4903e+13 6140
2.1056e+13 8.5489e+13 6139.1
2.1129e+13 8.6049e+13 6138.3
2.1203e+13 8.6644e+13 6137.4
2.1277e+13 8.7239e+13 6136.5
2.1351e+13 8.7835e+13 6135.7
2.1424e+13 8.8401e+13 6134.8
2.1498e+13 8.9005e+13 6133.9
2.1572e+13 8.9609e+13 6133.1
2.1646e+13 9.0213e+13 6132.2
2.1719e+13 9.0787e+13 6131.4
2.1793e+13 9.1399e+13 6130.5
2.1867e+13 9.2012e+13 6129.6
2.1941e+13 9.2624e+13 6128.8
2.2014e+13 9.3205e+13 6127.9
2.2088e+13 9.3826e+13 6127
2.2162e+13 9.4447e+13 6126.2
2.2236e+13 9.5068e+13 6125.3
2.2309e+13 9.5077e+13 6138.9
2.2383e+13 9.5859e+13 6134.2
2.2457e+13 9.664e+13 6129.6
2.2531e+13 9.7422e+13 6125
2.2604e+13 9.7875e+13 6126.8
2.2678e+13 9.8738e+13 6120.5
2.2752e+13 9.9602e+13 6114.3
2.2826e+13 1.0047e+14 6108
2.2899e+13 1.0133e+14 6101.7
2.2973e+13 1.0213e+14 6095.5
2.3047e+13 1.0301e+14 6089.2
2.3121e+13 1.039e+14 6083
2.3194e+13 1.0478e+14 6076.7
2.3268e+13 1.056e+14 6070.5
2.3342e+13 1.065e+14 6064.2
2.3416e+13 1.074e+14 6058
2.3489e+13 1.083e+14 6051.7
2.3563e+13 1.0913e+14 6045.5
2.3637e+13 1.1006e+14 6039.2
2.3711e+13 1.1098e+14 6033
2.3784e+13 1.119e+14 6026.7
2.3858e+13 1.1274e+14 6020.5
2.3932e+13 1.1369e+14 6014.2
2.4006e+13 1.1463e+14 6008
2.4079e+13 1.1557e+14 6001.7
2.4153e+13 1.1643e+14 5995.4
2.4227e+13 1.1739e+14 5989.2
2.4301e+13 1.1836e+14 5982.9
2.4374e+13 1.1932e+14 5976.7
2.4448e+13 1.2028e+14 5970.4
2.4522e+13 1.2118e+14 5964.2
2.4596e+13 1.2216e+14 5957.9
2.4669e+13 1.2314e+14 5951.7
2.4743e+13 1.2413e+14 5945.4
2.4817e+13 1.2503e+14 5939.2
2.4891e+13 1.2604e+14 5932.9
2.4964e+13 1.2705e+14 5926.7
2.5038e+13 1.2805e+14 5920.4
2.5112e+13 1.2897e+14 5914.2
2.5186e+13 1.3e+14 5907.9
2.5259e+13 1.3103e+14 5901.7
2.5333e+13 1.3205e+14 5895.4
2.5407e+13 1.3299e+14 5889.1
2.5481e+13 1.3404e+14 5882.9
2.5554e+13 1.3509e+14 5876.6
2.5628e+13 1.3613e+14 5870.4
2.5702e+13 1.3718e+14 5864.1
2.5776e+13 1.3815e+14 5857.9
2.5849e+13 1.3922e+14 5851.6
2.5923e+13 1.403e+14 5845.4
2.5997e+13 1.4137e+14 5839.1
2.6071e+13 1.4235e+14 5832.9
2.6144e+13 1.4345e+14 5826.6
2.6218e+13 1.4454e+14 5820.4
2.6292e+13 1.4563e+14 5814.1
2.6366e+13 1.4663e+14 5807.9
2.6439e+13 1.4775e+14 5801.6
2.6513e+13 1.4887e+14 5795.4
2.6587e+13 1.4998e+14 5789.1
2.6661e+13 1.511e+14 5782.8
2.6734e+13 1.5214e+14 5776.6
2.6808e+13 1.5328e+14 5770.3
2.6882e+13 1.5442e+14 5764.1
2.6956e+13 1.5556e+14 5757.8
2.7029e+13 1.5661e+14 5751.6
2.7103e+13 1.5777e+14 5745.3
2.7177e+13 1.5893e+14 5739.1
2.7251e+13 1.601e+14 5732.8
2.7324e+13 1.6116e+14 5726.6
2.7398e+13 1.6235e+14 5720.3
2.7472e+13 1.6354e+14 5714.1
2.7546e+13 1.6473e+14 5707.8
2.7619e+13 1.6591e+14 5701.6
2.7693e+13 1.6702e+14 5695.3
2.7767e+13 1.6823e+14 5689.1
2.7841e+13 1.6944e+14 5682.8
2.7914e+13 1.7065e+14 5676.5
2.7988e+13 1.7177e+14 5670.3
2.8062e+13 1.7301e+14 5664
2.8136e+13 1.7425e+14 5657.8
2.8209e+13 1.7548e+14 5651.5
2.8283e+13 1.7662e+14 5645.3
2.8357e+13 1.7788e+14 5639
2.8431e+13 1.7914e+14 5632.8
2.8504e+13 1.804e+14 5626.5
2.8578e+13 1.8167e+14 5620.3
2.8652e+13 1.8284e+14 5614
2.8726e+13 1.8413e+14 5607.8
2.8799e+13 1.8542e+14 5601.5
2.8873e+13 1.867e+14 5595.3
2.8947e+13 1.8789e+14 5589
2.9021e+13 1.8921e+14 5582.8
2.9094e+13 1.9052e+14 5576.5
2.9168e+13 1.9183e+14 5570.2
2.9242e+13 1.9304e+14 5564
2.9316e+13 1.9438e+14 5557.7
2.9389e+13 1.9572e+14 5551.5
2.9463e+13 1.9706e+14 5545.2
2.9537e+13 1.984e+14 5539
2.9611e+13 1.9964e+14 5532.7
2.9684e+13 2.0101e+14 5526.5
2.9758e+13 2.0238e+14 5520.2
2.9832e+13 2.0374e+14 5514
2.9906e+13 2.0501e+14 5507.7
2.9979e+13 2.064e+14 5501.5
3.0053e+13 2.0779e+14 5495.2
3.0127e+13 2.0919e+14 5489
3.0201e+13 2.1047e+14 5482.7
3.0274e+13 2.1189e+14 5476.5
3.0348e+13 2.1331e+14 5470.2
3.0422e+13 2.1473e+14 5463.9
3.0496e+13 2.1615e+14 5457.7
3.0569e+13 2.1747e+14 5451.4
3.0643e+13 2.1892e+14 5445.2
3.0717e+13 2.2037e+14 5438.9
3.0791e+13 2.2182e+14 5432.7
3.0864e+13 2.2316e+14 5426.4
3.0938e+13 2.2464e+14 5420.2
3.1012e+13 2.2612e+14 5413.9
3.1086e+13 2.2759e+14 5407.7
3.1159e+13 2.2895e+14 5401.4
3.1233e+13 2.3046e+14 5395.2
3.1307e+13 2.3196e+14 5388.9
3.1381e+13 2.3347e+14 5382.7
3.1454e+13 2.3498e+14 5376.4
3.1528e+13 2.3638e+14 5370.2
3.1602e+13 2.3791e+14 5363.9
3.1676e+13 2.3945e+14 5357.6
3.1749e+13 2.4098e+14 5351.4
3.1823e+13 2.424e+14 5345.1
3.1897e+13 2.4397e+14 5338.9
3.1971e+13 2.4553e+14 5332.6
3.2044e+13 2.471e+14 5326.4
3.2118e+13 2.4773e+14 5323.3
3.2192e+13 2.4951e+14 5316.3
3.2266e+13 2.513e+14 5309.3
3.2339e+13 2.5308e+14 5302.3
3.2413e+13 2.5487e+14 5295.3
3.2487e+13 2.5619e+14 5289.6
3.2561e+13 2.581e+14 5282.2
3.2634e+13 2.6001e+14 5274.9
3.2708e+13 2.6192e+14 5267.6
3.2782e+13 2.6367e+14 5260.3
3.2856e+13 2.6562e+14 5252.9
3.2929e+13 2.6758e+14 5245.6
3.3003e+13 2.6953e+14 5238.3
3.3077e+13 2.713e+14 5231
3.3151e+13 2.733e+14 5223.6
3.3224e+13 2.753e+14 5216.3
3.3298e+13 2.773e+14 5209
3.3372e+13 2.793e+14 5201.7
3.3446e+13 2.8113e+14 5194.3
3.3519e+13 2.8318e+14 5187
3.3593e+13 2.8522e+14 5179.7
3.3667e+13 2.8726e+14 5172.4
3.3741e+13 2.8913e+14 5165
3.3814e+13 2.9122e+14 5157.7
3.3888e+13 2.9331e+14 5150.4
3.3962e+13 2.9539e+14 5143.1
3.4036e+13 2.9729e+14 5135.7
3.4109e+13 2.9942e+14 5128.4
3.4183e+13 3.0155e+14 5121.1
3.4257e+13 3.0369e+14 5113.7
3.4331e+13 3.0582e+14 5106.4
3.4404e+13 3.0779e+14 5099.1
3.4478e+13 3.0997e+14 5091.8
3.4552e+13 3.1215e+14 5084.4
3.4626e+13 3.1433e+14 5077.1
3.4699e+13 3.1633e+14 5069.8
3.4773e+13 3.1855e+14 5062.5
3.4847e+13 3.2078e+14 5055.1
3.4921e+13 3.2301e+14 5047.8
3.4994e+13 3.2504e+14 5040.5
3.5068e+13 3.2731e+14 5033.2
3.5142e+13 3.2959e+14 5025.8
3.5216e+13 3.3187e+14 5018.5
3.5289e+13 3.3414e+14 5011.2
3.5363e+13 3.3625e+14 5003.9
3.5437e+13 3.3857e+14 4996.5
3.5511e+13 3.409e+14 4989.2
3.5584e+13 3.4322e+14 4981.9
3.5658e+13 3.4536e+14 4974.6
3.5732e+13 3.4774e+14 4967.2
3.5806e+13 3.5011e+14 4959.9
3.5879e+13 3.5249e+14 4952.6
3.5953e+13 3.5466e+14 4945.2
3.6027e+13 3.5708e+14 4937.9
3.6101e+13 3.5951e+14 4930.6
3.6174e+13 3.6193e+14 4923.3
3.6248e+13 3.6436e+14 4915.9
3.6322e+13 3.6662e+14 4908.6
3.6396e+13 3.6909e+14 4901.3
3.6469e+13 3.7157e+14 4894
3.6543e+13 3.7405e+14 4886.6
3.6617e+13 3.7634e+14 4879.3
3.6691e+13 3.7887e+14 4872
3.6764e+13 3.814e+14 4864.7
3.6838e+13 3.8393e+14 4857.3
3.6912e+13 3.8626e+14 4850
3.6986e+13 3.8884e+14 4842.7
3.7059e+13 3.9142e+14 4835.4
3.7133e+13 3.9401e+14 4828
3.7207e+13 3.9637e+14 4820.7
3.7281e+13 3.9901e+14 4813.4
3.7354e+13 4.0165e+14 4806.1
3.7428e+13 4.0428e+14 4798.7
3.7502e+13 4.0692e+14 4791.4
3.7576e+13 4.0938e+14 4784.1
3.7649e+13 4.1207e+14 4776.7
3.7723e+13 4.1477e+14 4769.4
3.7797e+13 4.1746e+14 4762.1
3.7871e+13 4.1995e+14 4754.8
3.7944e+13 4.227e+14 4747.4
3.8018e+13 4.2545e+14 4740.1
3.8092e+13 4.282e+14 4732.8
3.8166e+13 4.3074e+14 4725.5
3.8239e+13 4.3355e+14 4718.1
3.8313e+13 4.3635e+14 4710.8
3.8387e+13 4.3916e+14 4703.5
3.8461e+13 4.4174e+14 4696.2
3.8534e+13 4.4461e+14 4688.8
3.8608e+13 4.4747e+14 4681.5
3.8682e+13 4.5034e+14 4674.2
3.8756e+13 4.5296e+14 4666.9
3.8829e+13 4.5588e+14 4659.5
3.8903e+13 4.5881e+14 4652.2
3.8977e+13 4.6173e+14 4644.9
3.9051e+13 4.6466e+14 4637.6
3.9124e+13 4.6738e+14 4630.2
3.9198e+13 4.7037e+14 4622.9
3.9272e+13 4.7335e+14 4615.6
3.9346e+13 4.7634e+14 4608.2
3.9419e+13 4.7911e+14 4600.9
3.9493e+13 4.8216e+14 4593.6
3.9567e+13 4.852e+14 4586.3
3.9641e+13 4.8825e+14 4578.9
3.9714e+13 4.9107e+14 4571.6
3.9788e+13 4.9418e+14 4564.3
3.9862e+13 4.9729e+14 4557
3.9936e+13 5.004e+14 4549.6
4.0009e+13 5.0327e+14 4542.3
4.0083e+13 5.0644e+14 4535
4.0157e+13 5.0961e+14 4527.7
4.0231e+13 5.1278e+14 4520.3
4.0304e+13 5.157e+14 4513
4.0378e+13 5.1894e+14 4505.7
4.0452e+13 5.2218e+14 4498.4
4.0526e+13 5.2541e+14 4491
4.0599e+13 5.2612e+14 4488.7
4.0673e+13 5.2999e+14 4480.1
4.0747e+13 5.3386e+14 4471.5
4.0821e+13 5.3774e+14 4462.9
4.0894e+13 5.4074e+14 4455.4
4.0968e+13 5.4483e+14 4446.6
4.1042e+13 5.4892e+14 4437.7
4.1116e+13 5.53e+14 4428.9
4.1189e+13 5.5709e+14 4420.1
4.1263e+13 5.6087e+14 4411.2
4.1337e+13 5.6506e+14 4402.4
4.1411e+13 5.6925e+14 4393.5
4.1484e+13 5.7343e+14 4384.7
4.1558e+13 5.773e+14 4375.8
4.1632e+13 5.8159e+14 4367
4.1706e+13 5.8588e+14 4358.2
4.1779e+13 5.9017e+14 4349.3
4.1853e+13 5.9412e+14 4340.5
4.1927e+13 5.9851e+14 4331.6
4.2001e+13 6.029e+14 4322.8
4.2074e+13 6.073e+14 4313.9
4.2148e+13 6.1134e+14 4305.1
4.2222e+13 6.1584e+14 4296.2
4.2296e+13 6.2034e+14 4287.4
4.2369e+13 6.2484e+14 4278.6
4.2443e+13 6.2899e+14 4269.7
4.2517e+13 6.3359e+14 4260.9
4.2591e+13 6.382e+14 4252
4.2664e+13 6.4281e+14 4243.2
4.2738e+13 6.4705e+14 4234.3
4.2812e+13 6.5177e+14 4225.5
4.2886e+13 6.5649e+14 4216.6
4.2959e+13 6.612e+14 4207.8
4.3033e+13 6.6556e+14 4199
4.3107e+13 6.7038e+14 4190.1
4.3181e+13 6.7521e+14 4181.3
4.3254e+13 6.8004e+14 4172.4
4.3328e+13 6.8451e+14 4163.6
4.3402e+13 6.8945e+14 4154.7
4.3476e+13 6.9439e+14 4145.9
4.3549e+13 6.9934e+14 4137.1
4.3623e+13 7.0392e+14 4128.2
4.3697e+13 7.0898e+14 4119.4
4.3771e+13 7.1404e+14 4110.5
4.3844e+13 7.191e+14 4101.7
4.3918e+13 7.238e+14 4092.8
4.3992e+13 7.2898e+14 4084
4.4066e+13 7.3416e+14 4075.1
4.4139e+13 7.3934e+14 4066.3
4.4213e+13 7.4416e+14 4057.5
4.4287e+13 7.4946e+14 4048.6
4.4361e+13 7.5477e+14 4039.8
4.4434e+13 7.5959e+14 4030.9
4.4508e+13 7.6502e+14 4022.1
4.4582e+13 7.7045e+14 4013.2
4.4656e+13 7.7588e+14 4004.4
4.4729e+13 7.8084e+14 3995.5
4.4803e+13 7.8639e+14 3986.7
4.4877e+13 7.9195e+14 3977.9
4.4951e+13 7.975e+14 3969
4.5024e+13 8.026e+14 3960.2
4.5098e+13 8.0828e+14 3951.3
4.5172e+13 8.1397e+14 3942.5
4.5246e+13 8.1965e+14 3933.6
4.5319e+13 8.249e+14 3924.8
4.5393e+13 8.3071e+14 3916
4.5467e+13 8.3653e+14 3907.1
4.5541e+13 8.4235e+14 3898.3
4.5614e+13 8.4774e+14 3889.4
4.5688e+13 8.537e+14 3880.6
4.5762e+13 8.5965e+14 3871.7
4.5836e+13 8.656e+14 3862.9
4.5909e+13 8.7115e+14 3854
4.5983e+13 8.7724e+14 3845.2
4.6057e+13 8.8333e+14 3836.4
4.6131e+13 8.8891e+14 3827.5
4.6204e+13 8.9514e+14 3818.7
4.6278e+13 9.0137e+14 3809.8
4.6352e+13 9.076e+14 3801
4.6426e+13 9.1335e+14 3792.1
4.6499e+13 9.1973e+14 3783.3
4.6573e+13 9.261e+14 3774.4
4.6647e+13 9.3247e+14 3765.6
4.6721e+13 9.384e+14 3756.8
4.6794e+13 9.4492e+14 3747.9
4.6868e+13 9.5144e+14 3739.1
4.6942e+13 9.5796e+14 3730.2
4.7016e+13 9.6407e+14 3721.4
4.7089e+13 9.7074e+14 3712.5
4.7163e+13 9.7741e+14 3703.7
4.7237e+13 9.8357e+14 3694.9
4.7311e+13 9.9039e+14 3686
4.7384e+13 9.9721e+14 3677.2
4.7458e+13 1.004e+15 3668.3
4.7532e+13 1.0082e+15 3662.3
4.7606e+13 1.0159e+15 3652.5
4.7679e+13 1.0236e+15 3642.7
4.7753e+13 1.0266e+15 3637.9
4.7827e+13 1.0356e+15 3626.7
4.7901e+13 1.0447e+15 3615.6
4.7974e+13 1.0537e+15 3604.4
4.8048e+13 1.0619e+15 3593.3
4.8122e+13 1.0712e+15 3582.1
4.8196e+13 1.0805e+15 3570.9
4.8269e+13 1.0898e+15 3559.8
4.8343e+13 1.0984e+15 3548.6
4.8417e+13 1.108e+15 3537.5
4.8491e+13 1.1176e+15 3526.3
4.8564e+13 1.1263e+15 3515.2
4.8638e+13 1.1361e+15 3504
4.8712e+13 1.1459e+15 3492.9
4.8786e+13 1.1558e+15 3481.7
4.8859e+13 1.1649e+15 3470.6
4.8933e+13 1.175e+15 3459.4
4.9007e+13 1.1851e+15 3448.2
4.9081e+13 1.1943e+15 3437.1
4.9154e+13 1.2047e+15 3425.9
4.9228e+13 1.2151e+15 3414.8
4.9302e+13 1.2255e+15 3403.6
4.9376e+13 1.2352e+15 3392.5
4.9449e+13 1.2459e+15 3381.3
4.9523e+13 1.2566e+15 3370.2
4.9597e+13 1.2664e+15 3359
4.9671e+13 1.2774e+15 3347.8
4.9744e+13 1.2884e+15 3336.7
4.9818e+13 1.2994e+15 3325.5
4.9892e+13 1.3097e+15 3314.4
4.9966e+13 1.321e+15 3303.2
5.0039e+13 1.3323e+15 3292.1
5.0113e+13 1.3427e+15 3280.9
5.0187e+13 1.3544e+15 3269.8
5.0261e+13 1.366e+15 3258.6
5.0334e+13 1.3766e+15 3247.4
5.0408e+13 1.3886e+15 3236.3
5.0482e+13 1.4005e+15 3225.1
5.0556e+13 1.4125e+15 3214
5.0629e+13 1.4237e+15 3202.8
5.0703e+13 1.436e+15 3191.7
5.0777e+13 1.4483e+15 3180.5
5.0851e+13 1.4596e+15 3169.4
5.0924e+13 1.4723e+15 3158.2
5.0998e+13 1.4849e+15 3147
5.1072e+13 1.4966e+15 3135.9
5.1146e+13 1.5095e+15 3124.7
5.1219e+13 1.5225e+15 3113.6
5.1293e+13 1.5344e+15 3102.4
5.1367e+13 1.5478e+15 3091.3
5.1441e+13 1.5611e+15 3080.1
5.1514e+13 1.5745e+15 3069
5.1588e+13 1.587e+15 3057.8
5.1662e+13 1.6007e+15 3046.6
5.1736e+13 1.6144e+15 3035.5
5.1809e+13 1.6273e+15 3024.3
5.1883e+13 1.6414e+15 3013.2
5.1957e+13 1.6555e+15 3002
5.2031e+13 1.6686e+15 2990.9
5.2104e+13 1.6831e+15 2979.7
5.2178e+13 1.6976e+15 2968.6
5.2252e+13 1.711e+15 2957.4
5.2326e+13 1.7259e+15 2946.2
5.2399e+13 1.7408e+15 2935.1
5.2473e+13 1.7546e+15 2923.9
5.2547e+13 1.77e+15 2912.8
5.2621e+13 1.7853e+15 2901.6
5.2694e+13 1.7994e+15 2890.5
5.2768e+13 1.8152e+15 2879.3
5.2842e+13 1.8309e+15 2868.2
5.2916e+13 1.8455e+15 2857
5.2989e+13 1.8616e+15 2845.9
5.3063e+13 1.8778e+15 2834.7
5.3137e+13 1.885e+15 2828.7
5.3211e+13 1.9046e+15 2815.5
5.3284e+13 1.9242e+15 2802.4
5.3358e+13 1.9347e+15 2794.1
5.3432e+13 1.9579e+15 2779
5.3506e+13 1.9812e+15 2763.9
5.3579e+13 2.0025e+15 2748.8
5.3653e+13 2.0266e+15 2733.7
5.3727e+13 2.0508e+15 2718.6
5.3801e+13 2.073e+15 2703.5
5.3874e+13 2.098e+15 2688.4
5.3948e+13 2.1231e+15 2673.3
5.4022e+13 2.1462e+15 2658.2
5.4096e+13 2.1722e+15 2643.1
5.4169e+13 2.1982e+15 2628
5.4243e+13 2.2224e+15 2612.9
5.4317e+13 2.2493e+15 2597.8
5.4391e+13 2.2737e+15 2582.7
5.4464e+13 2.3017e+15 2567.6
5.4538e+13 2.3296e+15 2552.5
5.4612e+13 2.3552e+15 2537.4
5.4686e+13 2.3841e+15 2522.3
5.4759e+13 2.4131e+15 2507.2
5.4833e+13 2.44e+15 2492.1
5.4907e+13 2.47e+15 2477
5.4981e+13 2.4972e+15 2461.9
5.5054e+13 2.5283e+15 2446.7
5.5128e+13 2.5594e+15 2431.6
5.5202e+13 2.5881e+15 2416.5
5.5276e+13 2.6203e+15 2401.4
5.5349e+13 2.6526e+15 2386.3
5.5423e+13 2.6828e+15 2371.2
5.5497e+13 2.7162e+15 2356.1
5.5571e+13 2.7469e+15 2341
5.5644e+13 2.7816e+15 2325.9
5.5718e+13 2.8163e+15 2310.8
5.5792e+13 2.8487e+15 2295.7
5.5866e+13 2.8847e+15 2280.6
5.5939e+13 2.9178e+15 2265.5
5.6013e+13 2.955e+15 2250.4
5.6087e+13 2.9922e+15 2235.3
5.6161e+13 3.0273e+15 2220.2
5.6234e+13 3.0659e+15 2205.1
5.6308e+13 3.1018e+15 2190
5.6382e+13 3.1418e+15 2174.9
5.6456e+13 3.1784e+15 2159.8
5.6529e+13 3.2199e+15 2144.7
5.6603e+13 3.2613e+15 2129.6
5.6677e+13 3.3004e+15 2114.5
5.6751e+13 3.3433e+15 2099.4
5.6824e+13 3.3834e+15 2084.3
5.6898e+13 3.4279e+15 2069.2
5.6972e+13 3.4691e+15 2054.1
5.7046e+13 3.5152e+15 2039
5.7119e+13 3.5613e+15 2023.9
5.7193e+13 3.6053e+15 2008.8
5.7267e+13 3.653e+15 1993.7
5.7341e+13 3.677e+15 1985
5.7414e+13 3.7417e+15 1965.3
5.7488e+13 3.7825e+15 1951.1
5.7562e+13 3.8633e+15 1927.8
5.7636e+13 3.9371e+15 1904.4
5.7709e+13 4.0224e+15 1881
5.7783e+13 4.1002e+15 1857.6
5.7857e+13 4.1903e+15 1834.3
5.7931e+13 4.2725e+15 1810.9
5.8004e+13 4.3677e+15 1787.5
5.8078e+13 4.4548e+15 1764.2
5.8152e+13 4.5553e+15 1740.8
5.8226e+13 4.6478e+15 1717.4
5.8299e+13 4.754e+15 1694
5.8373e+13 4.8526e+15 1670.7
5.8447e+13 4.9647e+15 1647.3
5.8521e+13 5.07e+15 1623.9
5.8594e+13 5.1884e+15 1600.6
5.8668e+13 5.3011e+15 1577.2
5.8742e+13 5.415e+15 1553.8
5.8816e+13 5.5471e+15 1530.5
5.8889e+13 5.6698e+15 1507.1
5.8963e+13 5.8094e+15 1483.7
5.9037e+13 5.9417e+15 1460.3
5.9111e+13 6.0764e+15 1437
5.9184e+13 6.2321e+15 1413.6
5.9258e+13 6.3782e+15 1390.2
5.9332e+13 6.5427e+15 1366.9
5.9406e+13 6.7015e+15 1343.5
5.9479e+13 6.8644e+15 1320.1
5.9553e+13 7.0478e+15 1296.7
5.9627e+13 7.2256e+15 1273.4
5.9701e+13 7.4091e+15 1250
5.9774e+13 7.5989e+15 1226.6
5.9848e+13 7.8142e+15 1203.3
5.9922e+13 8.0226e+15 1179.9
5.9996e+13 8.2357e+15 1156.8
6.0069e+13 8.1162e+15 1163.6
6.0143e+13 8.6915e+15 1111.9
6.0217e+13 9.2477e+15 1060.3
6.0291e+13 9.8612e+15 1008.6
6.0364e+13 1.0543e+16 956.95
6.0438e+13 1.1305e+16 905.3
6.0512e+13 1.2166e+16 853.65
6.0586e+13 1.3144e+16 802
6.0659e+13 1.4267e+16 750.35
6.0733e+13 1.5566e+16 698.7
6.0807e+13 1.708e+16 647.05
6.0881e+13 1.8684e+16 595.4
6.0954e+13 2.0859e+16 543.75
6.1028e+13 2.3241e+16 492.1
6.1102e+13 2.6553e+16 440.44
6.1176e+13 3.0512e+16 388.79
6.1249e+13 3.5606e+16 337.14
6.1323e+13 4.274e+16 285.49
6.1397e+13 0 0
6.1471e+13 0 0
6.1544e+13 0 0
6.1618e+13 0 0
6.1692e+13 0 0
6.1766e+13 0 0
6.1839e+13 0 0
6.1913e+13 0 0
6.1987e+13 0 0
6.2061e+13 0 0
6.2134e+13 0 0
6.2208e+13 0 0
6.2282e+13 0 0
6.2356e+13 0 0
6.2429e+13 0 0
6.2503e+13 0 0
6.2577e+13 0 0
6.2651e+13 0 0
6.2724e+13 0 0
6.2798e+13 0 0
6.2872e+13 0 0
6.2946e+13 0 0
6.3019e+13 0 0
6.3093e+13 0 0
6.3167e+13 0 0
6.3241e+13 0 0
6.3314e+13 0 0
6.3388e+13 0 0
6.3462e+13 0 0
6.3536e+13 0 0
6.3609e+13 0 0
6.3683e+13 0 0
6.3757e+13 0 0
6.3831e+13 0 0
6.3904e+13 0 0
6.3978e+13 0 0
6.4052e+13 0 0
6.4126e+13 0 0
6.4199e+13 0 0
6.4273e+13 0 0
6.4347e+13 0 0
6.4421e+13 0 0
6.4494e+13 0 0
6.4568e+13 0 0
6.4642e+13 0 0
6.4716e+13 0 0
6.4789e+13 0 0
6.4863e+13 0 0
6.4937e+13 0 0
6.5011e+13 0 0
6.5084e+13 0 0
6.5158e+13 0 0
6.5232e+13 0 0
6.5306e+13 0 0
6.5379e+13 0 0
6.5453e+13 0 0
6.5527e+13 0 0
6.5601e+13 0 0
6.5674e+13 0 0
6.5748e+13 0 0
6.5822e+13 0 0
6.5896e+13 0 0
6.5969e+13 0 0
6.6043e+13 0 0
6.6117e+13 0 0
6.6191e+13 0 0
6.6264e+13 0 0
6.6338e+13 0 0
6.6412e+13 0 0
6.6486e+13 0 0
6.6559e+13 0 0
6.6633e+13 0 0
6.6707e+13 0 0
6.6781e+13 0 0
6.6854e+13 0 0
6.6928e+13 0 0
6.7002e+13 0 0
6.7076e+13 0 0
6.7149e+13 0 0
6.7223e+13 0 0
6.7297e+13 0 0
6.7371e+13 0 0
6.7444e+13 0 0
6.7518e+13 0 0
6.7592e+13 0 0
6.7666e+13 0 0
6.7739e+13 0 0
6.7813e+13 0 0
6.7887e+13 0 0
6.7961e+13 0 0
6.8034e+13 0 0
6.8108e+13 0 0
6.8182e+13 0 0
6.8256e+13 0 0
6.8329e+13 0 0
6.8403e+13 0 0
6.8477e+13 0 0
6.8551e+13 0 0
6.8624e+13 0 0
6.8698e+13 0 0
6.8772e+13 0 0
6.8846e+13 0 0
6.8919e+13 0 0
6.8993e+13 0 0
6.9067e+13 0 0
6.9141e+13 0 0
6.9214e+13 0 0
6.9288e+13 0 0
6.9362e+13 0 0
6.9436e+13 0 0
6.9509e+13 0 0
6.9583e+13 0 0
6.9657e+13 0 0
6.9731e+13 0 0
6.9804e+13 0 0
6.9878e+13 0 0
6.9952e+13 0 0
7.0026e+13 0 0
7.0099e+13 0 0
7.0173e+13 0 0
7.0247e+13 0 0
7.0321e+13 0 0
7.0394e+13 0 0
7.0468e+13 0 0
7.0542e+13 0 0
7.0616e+13 0 0
7.0689e+13 0 0
7.0763e+13 0 0
7.0837e+13 0 0
7.0911e+13 0 0
7.0984e+13 0 0
7.1058e+13 0 0
7.1132e+13 0 0
7.1206e+13 0 0
7.1279e+13 0 0
7.1353e+13 0 0
7.1427e+13 0 0
7.1501e+13 0 0
7.1574e+13 0 0
7.1648e+13 0 0
7.1722e+13 0 0
7.1796e+13 0 0
7.1869e+13 0 0
7.1943e+13 0 0
7.2017e+13 0 0
7.2091e+13 0 0
7.2164e+13 0 0
7.2238e+13 0 0
7.2312e+13 0 0
7.2386e+13 0 0
7.2459e+13 0 0
7.2533e+13 0 0
7.2607e+13 0 0
7.2681e+13 0 0
7.2754e+13 0 0
7.2828e+13 0 0
7.2902e+13 0 0
7.2976e+13 0 0
7.3049e+13 0 0
7.3123e+13 0 0
7.3197e+13 0 0
7.3271e+13 0 0
7.3344e+13 0 0
7.3418e+13 0 0
7.3492e+13 0 0
7.3566e+13 0 0
7.3639e+13 0 0
7.3713e+13 0 0
3.6875e+10 3.0493e+09 3314.5
1.1063e+11 2.6704e+10 3316.8
1.8438e+11 9.1168e+10 3319.1
2.5813e+11 1.6947e+11 3321.4
3.3188e+11 2.8934e+11 3323.8
4.0563e+11 4.3618e+11 3326.1
4.7938e+11 6.1011e+11 3328.4
5.5313e+11 8.1065e+11 3330.7
6.2688e+11 1.0368e+12 3333
7.0063e+11 1.2869e+12 3335.3
7.7438e+11 1.5591e+12 3337.6
8.4813e+11 1.9181e+12 3339.9
9.2188e+11 2.2513e+12 3342.2
9.9563e+11 2.603e+12 3344.5
1.0694e+12 3.0474e+12 3346.8
1.1431e+12 3.4599e+12 3349.1
1.2169e+12 3.8854e+12 3351.4
1.2906e+12 4.4235e+12 3353.7
1.3644e+12 4.9076e+12 3356
1.4381e+12 5.4954e+12 3358.3
1.5119e+12 6.0372e+12 3360.6
1.5856e+12 6.5817e+12 3362.9
1.6594e+12 7.2749e+12 3365.2
1.7331e+12 7.8721e+12 3367.6
1.8069e+12 8.6207e+12 3369.9
1.8806e+12 9.2687e+12 3372.2
1.9544e+12 1.0074e+13 3374.5
2.0281e+12 1.0771e+13 3376.8
2.1019e+12 1.1635e+13 3379.1
2.1756e+12 1.2377e+13 3381.4
2.2494e+12 1.3302e+13 3383.7
2.3231e+12 1.4228e+13 3386
2.3969e+12 1.5073e+13 3388.3
2.4706e+12 1.6061e+13 3390.6
2.5444e+12 1.6947e+13 3392.9
2.6181e+12 1.7999e+13 3395.2
2.6919e+12 1.8921e+13 3397.5
2.7656e+12 2.0038e+13 3399.8
2.8394e+12 2.0993e+13 3402.1
2.9131e+12 2.2177e+13 3404.4
2.9869e+12 2.3361e+13 3406.7
3.0606e+12 2.4412e+13 3409
3.1344e+12 2.5665e+13 3411.4
3.2081e+12 2.6741e+13 3413.7
3.2819e+12 2.8063e+13 3416
3.3556e+12 2.9385e+13 3418.3
3.4294e+12 3.0553e+13 3420.6
3.5031e+12 3.1946e+13 3422.9
3.5769e+12 3.3339e+13 3425.2
3.6506e+12 3.4596e+13 3427.5
3.7244e+12 3.6061e+13 3429.8
3.7981e+12 3.7332e+13 3432.1
3.8719e+12 3.8871e+13 3434.4
3.9456e+12 4.0409e+13 3436.7
4.0194e+12 4.1763e+13 3439
4.0931e+12 4.3376e+13 3441.3
4.1669e+12 4.499e+13 3443.6
4.2406e+12 4.6424e+13 3445.9
4.3144e+12 4.8113e+13 3448.2
4.3881e+12 4.9801e+13 3450.5
4.4619e+12 5.1313e+13 3452.9
4.5356e+12 5.3078e+13 3455.2
4.6094e+12 5.4844e+13 3457.5
4.6831e+12 5.6429e+13 3459.8
4.7569e+12 5.8273e+13 3462.1
4.8306e+12 6.0116e+13 3464.4
4.9044e+12 6.1772e+13 3466.7
4.9781e+12 6.3694e+13 3469
5.0519e+12 6.5616e+13 3471.3
5.1256e+12 6.734e+13 3473.6
5.1994e+12 6.9341e+13 3475.9
5.2731e+12 7.1343e+13 3478.2
5.3469e+12 7.313e+13 3480.5
5.4206e+12 7.5212e+13 3482.8
5.4944e+12 7.7294e+13 3485.1
5.5681e+12 7.9149e+13 3494.3
5.6419e+12 8.1309e+13 3494.2
5.7156e+12 8.347e+13 3494.1
5.7894e+12 8.5357e+13 3495.6
5.8631e+12 8.7604e+13 3495
5.9369e+12 8.9851e+13 3494.5
6.0106e+12 9.2098e+13 3493.9
6.0844e+12 9.4126e+13 3493.4
6.1581e+12 9.6462e+13 3492.8
6.2319e+12 9.8798e+13 3492.3
6.3056e+12 1.0088e+14 3491.7
6.3794e+12 1.033e+14 3491.1
6.4531e+12 1.0573e+14 3490.6
6.5269e+12 1.0786e+14 3490
6.6006e+12 1.1038e+14 3489.5
6.6744e+12 1.129e+14 3488.9
6.7481e+12 1.1541e+14 3488.4
6.8219e+12 1.1768e+14 3487.8
6.8956e+12 1.2029e+14 3487.3
6.9694e+12 1.229e+14 3486.7
7.0431e+12 1.2521e+14 3486.2
7.1169e+12 1.2792e+14 3485.6
7.1906e+12 1.3062e+14 3485.1
7.2644e+12 1.3333e+14 3484.5
7.3381e+12 1.3577e+14 3484
7.4119e+12 1.3858e+14 3483.4
7.4856e+12 1.4138e+14 3482.9
7.5594e+12 1.4386e+14 3482.3
7.6331e+12 1.4676e+14 3481.7
7.7069e+12 1.4965e+14 3481.2
7.7806e+12 1.5255e+14 3480.6
7.8544e+12 1.5516e+14 3480.1
7.9281e+12 1.5816e+14 3479.5
8.0019e+12 1.6115e+14 3479
8.0756e+12 1.638e+14 3478.4
8.1494e+12 1.6689e+14 3477.9
8.2231e+12 1.6999e+14 3477.3
8.2969e+12 1.7308e+14 3476.8
8.3706e+12 1.7585e+14 3476.2
8.4444e+12 1.7904e+14 3475.7
8.5181e+12 1.8224e+14 3475.1
8.5919e+12 1.8543e+14 3474.6
8.6656e+12 1.8833e+14 3474
8.7394e+12 1.9162e+14 3473.5
8.8131e+12 1.9492e+14 3472.9
8.8869e+12 1.9783e+14 3472.4
8.9606e+12 2.0123e+14 3471.8
9.0344e+12 2.0463e+14 3471.2
9.1081e+12 2.0803e+14 3470.7
9.1819e+12 2.1106e+14 3470.1
9.2556e+12 2.1457e+14 3469.6
9.3294e+12 2.1807e+14 3469
9.4031e+12 2.2157e+14 3468.5
9.4769e+12 2.2472e+14 3467.9
9.5506e+12 2.2833e+14 3467.4
9.6244e+12 2.3194e+14 3466.8
9.6981e+12 2.3554e+14 3466.3
9.7719e+12 2.3881e+14 3465.7
9.8456e+12 2.4253e+14 3465.2
9.9194e+12 2.4624e+14 3464.6
9.9931e+12 2.4995e+14 3464.1
1.0067e+13 2.5334e+14 3463.5
1.0141e+13 2.5716e+14 3463
1.0214e+13 2.6097e+14 3462.4
1.0288e+13 2.6479e+14 3461.9
1.0362e+13 2.6829e+14 3461.3
1.0436e+13 2.7222e+14 3460.7
1.0509e+13 2.7614e+14 3460.2
1.0583e+13 2.7965e+14 3459.6
1.0657e+13 2.8369e+14 3459.1
1.0731e+13 2.8772e+14 3458.5
1.0804e+13 2.9175e+14 3458
1.0878e+13 2.9537e+14 3457.4
1.0952e+13 2.9951e+14 3456.9
1.1026e+13 3.0365e+14 3456.3
1.1099e+13 3.0779e+14 3455.8
1.1173e+13 3.1153e+14 3455.2
1.1247e+13 3.1578e+14 3454.7
1.1321e+13 3.2003e+14 3454.1
1.1394e+13 3.2428e+14 3453.6
1.1468e+13 3.2713e+14 3458.4
1.1542e+13 3.3176e+14 3456.4
1.1616e+13 3.3639e+14 3454.4
1.1689e+13 3.4101e+14 3452.4
1.1763e+13 3.4453e+14 3453.6
1.1837e+13 3.4946e+14 3450.7
1.1911e+13 3.5439e+14 3447.8
1.1984e+13 3.5932e+14 3444.8
1.2058e+13 3.6371e+14 3441.9
1.2132e+13 3.6879e+14 3439
1.2206e+13 3.7387e+14 3436.1
1.2279e+13 3.7895e+14 3433.2
1.2353e+13 3.8348e+14 3430.3
1.2427e+13 3.8871e+14 3427.3
1.2501e+13 3.9394e+14 3424.4
1.2574e+13 3.9917e+14 3421.5
1.2648e+13 4.0384e+14 3418.6
1.2722e+13 4.0922e+14 3415.7
1.2796e+13 4.146e+14 3412.7
1.2869e+13 4.1998e+14 3409.8
1.2943e+13 4.2479e+14 3406.9
1.3017e+13 4.3033e+14 3404
1.3091e+13 4.3587e+14 3401.1
1.3164e+13 4.414e+14 3398.1
1.3238e+13 4.4636e+14 3395.2
1.3312e+13 4.5205e+14 3392.3
1.3386e+13 4.5774e+14 3389.4
1.3459e+13 4.6343e+14 3386.5
1.3533e+13 4.6853e+14 3383.5
1.3607e+13 4.7438e+14 3380.6
1.3681e+13 4.8023e+14 3377.7
1.3754e+13 4.8608e+14 3374.8
1.3828e+13 4.9133e+14 3371.9
1.3902e+13 4.9734e+14 3368.9
1.3976e+13 5.0335e+14 3366
1.4049e+13 5.0936e+14 3363.1
1.4123e+13 5.1475e+14 3360.2
1.4197e+13 5.2092e+14 3357.3
1.4271e+13 5.2709e+14 3354.3
1.4344e+13 5.3326e+14 3351.4
1.4418e+13 5.3881e+14 3348.5
1.4492e+13 5.4514e+14 3345.6
1.4566e+13 5.5147e+14 3342.7
1.4639e+13 5.5781e+14 3339.7
1.4713e+13 5.635e+14 3336.8
1.4787e+13 5.7e+14 3333.9
1.4861e+13 5.765e+14 3331
1.4934e+13 5.83e+14 3328.1
1.5008e+13 5.8884e+14 3325.1
1.5082e+13 5.9551e+14 3322.2
1.5156e+13 6.0217e+14 3319.3
1.5229e+13 6.0884e+14 3316.4
1.5303e+13 6.1484e+14 3313.5
1.5377e+13 6.2167e+14 3310.5
1.5451e+13 6.285e+14 3307.6
1.5524e+13 6.3533e+14 3304.7
1.5598e+13 6.415e+14 3301.8
1.5672e+13 6.485e+14 3298.9
1.5746e+13 6.555e+14 3296
1.5819e+13 6.625e+14 3293
1.5893e+13 6.6883e+14 3290.1
1.5967e+13 6.76e+14 3287.2
1.6041e+13 6.8317e+14 3284.3
1.6114e+13 6.9034e+14 3281.4
1.6188e+13 6.9683e+14 3278.4
1.6262e+13 7.0418e+14 3275.5
1.6336e+13 7.1152e+14 3272.6
1.6409e+13 7.1886e+14 3269.7
1.6483e+13 7.2553e+14 3266.8
1.6557e+13 7.3304e+14 3263.8
1.6631e+13 7.4056e+14 3260.9
1.6704e+13 7.4807e+14 3258
1.6778e+13 7.5491e+14 3255.1
1.6852e+13 7.626e+14 3252.2
1.6926e+13 7.7029e+14 3249.2
1.6999e+13 7.7798e+14 3246.3
1.7073e+13 7.8485e+14 3243.6
1.7147e+13 7.9275e+14 3240.7
1.7221e+13 8.0065e+14 3237.7
1.7294e+13 8.0855e+14 3234.7
1.7368e+13 8.1085e+14 3240
1.7442e+13 8.2024e+14 3234.8
1.7516e+13 8.2963e+14 3229.6
1.7589e+13 8.3903e+14 3224.4
1.7663e+13 8.4745e+14 3219.2
1.7737e+13 8.5711e+14 3214.1
1.7811e+13 8.6676e+14 3208.9
1.7884e+13 8.7642e+14 3203.7
1.7958e+13 8.8513e+14 3198.5
1.8032e+13 8.9505e+14 3193.3
1.8106e+13 9.0498e+14 3188.2
1.8179e+13 9.149e+14 3183
1.8253e+13 9.239e+14 3177.8
1.8327e+13 9.341e+14 3172.6
1.8401e+13 9.443e+14 3167.4
1.8474e+13 9.5449e+14 3162.3
1.8548e+13 9.638e+14 3157.1
1.8622e+13 9.7427e+14 3151.9
1.8696e+13 9.8474e+14 3146.7
1.8769e+13 9.9522e+14 3141.5
1.8843e+13 1.0048e+15 3136.4
1.8917e+13 1.0156e+15 3131.2
1.8991e+13 1.0263e+15 3126
1.9064e+13 1.0371e+15 3120.8
1.9138e+13 1.047e+15 3115.6
1.9212e+13 1.0581e+15 3110.5
1.9286e+13 1.0691e+15 3105.3
1.9359e+13 1.0791e+15 3100.1
1.9433e+13 1.0904e+15 3094.9
1.9507e+13 1.1017e+15 3089.7
1.9581e+13 1.1131e+15 3084.5
1.9654e+13 1.1234e+15 3079.4
1.9728e+13 1.135e+15 3074.2
1.9802e+13 1.1466e+15 3069
1.9876e+13 1.1582e+15 3063.8
1.9949e+13 1.169e+15 3058.6
2.0023e+13 1.1809e+15 3053.5
2.0097e+13 1.1928e+15 3048.3
2.0171e+13 1.2047e+15 3043.1
2.0244e+13 1.2158e+15 3037.9
2.0318e+13 1.228e+15 3032.7
2.0392e+13 1.2401e+15 3027.6
2.0466e+13 1.2514e+15 3022.4
2.0539e+13 1.2638e+15 3017.2
2.0613e+13 1.2763e+15 3012
2.0687e+13 1.2888e+15 3006.8
2.0761e+13 1.3004e+15 3001.7
2.0834e+13 1.3132e+15 2996.5
2.0908e+13 1.326e+15 2991.3
2.0982e+13 1.3378e+15 2986.1
2.1056e+13 1.3508e+15 2980.9
2.1129e+13 1.3639e+15 2975.8
2.1203e+13 1.377e+15 2970.6
2.1277e+13 1.3892e+15 2965.4
2.1351e+13 1.4026e+15 2960.2
2.1424e+13 1.416e+15 2955
2.1498e+13 1.4283e+15 2949.9
2.1572e+13 1.442e+15 2944.7
2.1646e+13 1.4557e+15 2939.5
2.1719e+13 1.4694e+15 2934.3
2.1793e+13 1.4822e+15 2929.1
2.1867e+13 1.4962e+15 2923.9
2.1941e+13 1.5102e+15 2918.8
2.2014e+13 1.5232e+15 2913.6
2.2088e+13 1.5375e+15 2908.4
2.2162e+13 1.5518e+15 2903.2
2.2236e+13 1.5661e+15 2898
2.2309e+13 1.5797e+15 2892.9
2.2383e+13 1.5943e+15 2887.7
2.2457e+13 1.6089e+15 2882.5
2.2531e+13 1.62e+15 2879.2
2.2604e+13 1.6359e+15 2873.3
2.2678e+13 1.6518e+15 2867.5
2.2752e+13 1.6593e+15 2866.6
2.2826e+13 1.678e+15 2859
2.2899e+13 1.6967e+15 2851.4
2.2973e+13 1.7139e+15 2843.8
2.3047e+13 1.7331e+15 2836.2
2.3121e+13 1.7523e+15 2828.7
2.3194e+13 1.7716e+15 2821.1
2.3268e+13 1.7897e+15 2813.5
2.3342e+13 1.8094e+15 2805.9
2.3416e+13 1.8291e+15 2798.3
2.3489e+13 1.8477e+15 2790.7
2.3563e+13 1.8679e+15 2783.1
2.3637e+13 1.8881e+15 2775.5
2.3711e+13 1.9072e+15 2767.9
2.3784e+13 1.9279e+15 2760.3
2.3858e+13 1.9487e+15 2752.7
2.3932e+13 1.9682e+15 2745.1
2.4006e+13 1.9895e+15 2737.5
2.4079e+13 2.0107e+15 2729.9
2.4153e+13 2.0309e+15 2722.3
2.4227e+13 2.0527e+15 2714.7
2.4301e+13 2.0744e+15 2707.1
2.4374e+13 2.0952e+15 2699.5
2.4448e+13 2.1175e+15 2691.9
2.4522e+13 2.1383e+15 2684.3
2.4596e+13 2.1611e+15 2676.7
2.4669e+13 2.1839e+15 2669.1
2.4743e+13 2.2055e+15 2661.5
2.4817e+13 2.2288e+15 2653.9
2.4891e+13 2.2521e+15 2646.3
2.4964e+13 2.2743e+15 2638.7
2.5038e+13 2.2982e+15 2631.1
2.5112e+13 2.322e+15 2623.5
2.5186e+13 2.345e+15 2615.9
2.5259e+13 2.3693e+15 2608.3
2.5333e+13 2.3925e+15 2600.7
2.5407e+13 2.4174e+15 2593.1
2.5481e+13 2.4423e+15 2585.5
2.5554e+13 2.4663e+15 2577.9
2.5628e+13 2.4917e+15 2570.3
2.5702e+13 2.516e+15 2562.7
2.5776e+13 2.5419e+15 2555.1
2.5849e+13 2.5678e+15 2547.5
2.5923e+13 2.593e+15 2539.9
2.5997e+13 2.6193e+15 2532.3
2.6071e+13 2.6449e+15 2524.7
2.6144e+13 2.6718e+15 2517.1
2.6218e+13 2.6978e+15 2509.5
2.6292e+13 2.7252e+15 2501.9
2.6366e+13 2.7517e+15 2494.3
2.6439e+13 2.7795e+15 2486.7
2.6513e+13 2.8065e+15 2479.1
2.6587e+13 2.8348e+15 2471.5
2.6661e+13 2.8623e+15 2464
2.6734e+13 2.891e+15 2456.4
2.6808e+13 2.919e+15 2448.8
2.6882e+13 2.9483e+15 2441.2
2.6956e+13 2.9768e+15 2433.6
2.7029e+13 3.0065e+15 2426
2.7103e+13 3.0357e+15 2418.4
2.7177e+13 3.0658e+15 2410.8
2.7251e+13 3.0955e+15 2403.2
2.7324e+13 3.1125e+15 2399.8
2.7398e+13 3.1522e+15 2389.3
2.7472e+13 3.1912e+15 2378.9
2.7546e+13 3.2307e+15 2368.4
2.7619e+13 3.2717e+15 2358
2.7693e+13 3.3123e+15 2347.5
2.7767e+13 3.3533e+15 2337.1
2.7841e+13 3.3956e+15 2326.6
2.7914e+13 3.4377e+15 2316.1
2.7988e+13 3.4803e+15 2305.7
2.8062e+13 3.5235e+15 2295.2
2.8136e+13 3.5672e+15 2284.7
2.8209e+13 3.6114e+15 2274.3
2.8283e+13 3.656e+15 2263.8
2.8357e+13 3.7013e+15 2253.3
2.8431e+13 3.7471e+15 2242.9
2.8504e+13 3.7934e+15 2232.4
2.8578e+13 3.8403e+15 2222
2.8652e+13 3.8876e+15 2211.5
2.8726e+13 3.9356e+15 2201
2.8799e+13 3.9841e+15 2190.6
2.8873e+13 4.0332e+15 2180.1
2.8947e+13 4.0829e+15 2169.6
2.9021e+13 4.1332e+15 2159.2
2.9094e+13 4.1841e+15 2148.7
2.9168e+13 4.2356e+15 2138.2
2.9242e+13 4.2877e+15 2127.8
2.9316e+13 4.3404e+15 2117.3
2.9389e+13 4.3938e+15 2106.9
2.9463e+13 4.4477e+15 2096.4
2.9537e+13 4.5024e+15 2085.9
2.9611e+13 4.5578e+15 2075.5
2.9684e+13 4.6137e+15 2065
2.9758e+13 4.67e+15 2054.5
2.9832e+13 4.7267e+15 2044.1
2.9906e+13 4.786e+15 2033.6
2.9979e+13 4.844e+15 2023.2
3.0053e+13 4.902e+15 2012.7
3.0127e+13 4.9641e+15 2002.2
3.0201e+13 5.0232e+15 1991.8
3.0274e+13 5.087e+15 1981.3
3.0348e+13 5.1471e+15 1970.8
3.0422e+13 5.2127e+15 1960.4
3.0496e+13 5.2783e+15 1949.9
3.0569e+13 5.3413e+15 1939.4
3.0643e+13 5.4089e+15 1929
3.0717e+13 5.4728e+15 1918.5
3.0791e+13 5.5426e+15 1908.1
3.0864e+13 5.5732e+15 1902.6
3.0938e+13 5.6605e+15 1889.9
3.1012e+13 5.7478e+15 1877.2
3.1086e+13 5.8077e+15 1867.3
3.1159e+13 5.9097e+15 1853.1
3.1233e+13 5.9979e+15 1838.9
3.1307e+13 6.1051e+15 1824.7
3.1381e+13 6.2123e+15 1810.4
3.1454e+13 6.3054e+15 1796.2
3.1528e+13 6.4185e+15 1782
3.1602e+13 6.5315e+15 1767.7
3.1676e+13 6.6296e+15 1753.5
3.1749e+13 6.749e+15 1739.3
3.1823e+13 6.8684e+15 1725
3.1897e+13 6.9717e+15 1710.8
3.1971e+13 7.0981e+15 1696.6
3.2044e+13 7.2245e+15 1682.3
3.2118e+13 7.333e+15 1668.1
3.2192e+13 7.4672e+15 1653.9
3.2266e+13 7.6013e+15 1639.7
3.2339e+13 7.7153e+15 1625.4
3.2413e+13 7.8578e+15 1611.2
3.2487e+13 8.0004e+15 1597
3.2561e+13 8.12e+15 1582.7
3.2634e+13 8.2719e+15 1568.5
3.2708e+13 8.4237e+15 1554.3
3.2782e+13 8.5493e+15 1540
3.2856e+13 8.7113e+15 1525.8
3.2929e+13 8.8732e+15 1511.6
3.3003e+13 9.0053e+15 1497.3
3.3077e+13 9.1783e+15 1483.1
3.3151e+13 9.3514e+15 1468.9
3.3224e+13 9.4904e+15 1454.7
3.3298e+13 9.6756e+15 1440.4
3.3372e+13 9.8608e+15 1426.2
3.3446e+13 9.9852e+15 1413.4
3.3519e+13 1.0191e+16 1398.7
3.3593e+13 1.0397e+16 1383.9
3.3667e+13 1.0297e+16 1384.3
3.3741e+13 1.0607e+16 1364.5
3.3814e+13 1.0916e+16 1344.7
3.3888e+13 1.1128e+16 1324.9
3.3962e+13 1.147e+16 1305.1
3.4036e+13 1.1813e+16 1285.2
3.4109e+13 1.2046e+16 1265.4
3.4183e+13 1.2425e+16 1245.6
3.4257e+13 1.2805e+16 1225.8
3.4331e+13 1.3065e+16 1206
3.4404e+13 1.3486e+16 1186.2
3.4478e+13 1.3907e+16 1166.4
3.4552e+13 1.4202e+16 1146.5
3.4626e+13 1.4671e+16 1126.7
3.4699e+13 1.5139e+16 1106.9
3.4773e+13 1.5479e+16 1087.1
3.4847e+13 1.6001e+16 1067.3
3.4921e+13 1.6522e+16 1047.5
3.4994e+13 1.6922e+16 1027.6
3.5068e+13 1.7503e+16 1007.8
3.5142e+13 1.8084e+16 988.02
3.5216e+13 1.856e+16 968.2
3.5289e+13 1.9208e+16 948.39
3.5363e+13 1.9708e+16 928.57
3.5437e+13 2.043e+16 908.76
3.5511e+13 2.017e+16 904.73
3.5584e+13 2.1322e+16 877.99
3.5658e+13 2.2475e+16 851.26
3.5732e+13 2.3121e+16 828.67
3.5806e+13 2.4627e+16 799.04
3.5879e+13 2.5752e+16 769.4
3.5953e+13 2.7522e+16 739.77
3.6027e+13 2.8895e+16 710.14
3.6101e+13 3.0974e+16 680.51
3.6174e+13 3.2704e+16 650.88
3.6248e+13 3.4535e+16 621.25
3.6322e+13 3.7363e+16 591.62
3.6396e+13 3.9813e+16 561.99
3.6469e+13 4.2593e+16 532.36
3.6543e+13 4.6307e+16 502.73
3.6617e+13 4.9996e+16 473.1
3.6691e+13 5.4042e+16 443.47